0,496
0,278
6701,4
6701,3
6701,2
0,497
0,9
6701,1
6701,0
6700,49
6700,48
6700,47
6700,46
6700,45
6700,44
6700,43
6700,42
6700,41
6700,40
6700,39
6700,38
6700,37
6700,36
6700,35
6668,2
6668,1
6668,0
6667,4
6667,3
6667,2
6667,1
6667,0
6666,5
6666,4
6666,3
6666,2
6666,1
6666,0
6665,7
6665,6
6665,5
6665,4
6665,3
6665,2
6665,1
6665,0
6663,4
6663,3
6663,2
6663,1
6663,0
6662,4
6662,3
6662,2
6662,1
6662,0
6661,5
6661,4
6661,3
6661,2
6661,1
6661,0
6660,4
6660,3
6660,2
6660,1
6660,0
6659,4
6659,3
6659,2
6659,1
6659,0
14,52
14,51
14,50
14,49
14,48
14,47
14,46
14,27
14,25
14,22
14,18
14,15
14,12
14,11
10,280
10,203
10,278
10,86
10,18
10,136
10,140
10,197
10,2
10,3
11,11
11,23
11,5
9,7
9,4
9,1
9,6
9,2
9,3
8,9
8,18
8,4
8,17
14,7
14,5
14,2
14,0
13,5
13,4
13,2
13,0
12,3
12,2
12,1
11,30
11,26
11,25
11,24
11,22
11,21
11,20
11,19
